1  0.25
3  1.5194
4  1.128
5  0.82
6  0.773
7  0.75
8  0.73
11  1.857
12  1.6013
13  1.4317
14  1.153
15  1.06
16  1.02
19  2.31
20  1.976
21  1.641
22  1.4615
23  1.316
24  1.2491
25  1.35
26  1.2412
27  1.251
28  1.2459
29  1.278
30  1.3945
31  1.392
32  1.24
33  1.15
34  1.4
37  2.44
38  2.152
39  1.8015
40  1.6025
41  1.429
42  1.3626
44  1.3384
45  1.345
46  1.3754
47  1.4447
48  1.5683
49  1.659
50  1.62
51  1.45
52  1.452
55  2.65
56  2.176
57  1.879
58  1.8247
59  1.65
60  1.64
62  1.81
63  1.9844
64  1.8013
65  1.7814
66  1.774
67  1.7661
68  1.7558
69  1.56
70  1.7
71  1.7349
72  1.5775
73  1.43
74  1.367
75  1.375
76  1.3523
77  1.3573
78  1.387
79  1.442
80  1.5
81  1.716
82  1.7497
83  1.6
