3  0.53
4  1.86
5  2.46
6  2.27
7  1.03
8  0.92
11  0.97
12  1.74
13  2.70
14  2.33
15  1.82
16  2.06
19  0.85
20  1.53
21  3.00
22  4.50
23  6.12
24  7.19
25  7.47
26  7.88
27  8.84
28  8.91
29  8.94
30  7.14
31  5.91
32  5.33
33  5.79
34  4.81
37  1.53
38  2.58
39  4.47
40  6.51
41  8.58
42  10.23
44  12.37
45  12.43
46  12.43
47  10.50
48  8.65
49  7.29
50  7.29
51  6.69
52  6.24
55  1.87
56  3.60
57  6.20
58  6.77
59  6.77
60  7.01
62  7.53
63  5.25
64  7.90
65  8.23
66  8.55
67  8.80
68  9.06
69  8.84
70  6.97
71  9.84
72  13.28
73  16.68
74  19.41
75  21.02
76  22.59
77  22.56
78  21.46
79  19.29
80  14.24
81  11.87
82  11.35
83  9.81

