6  35
7  30
8  36
9  25
10 24
11 22
12 20
13 22
14 13
15 25
16 28
17 30
18 31
19 33
20 32
21 35
22 30
23 40
24 40
25 40
26 40
27 23
28 33
29 29 
30 29
31 30 
32 20
33 26
37 28
38 33
39 38
40 40
41 60
42 65
43 60
44 69 
45 66
46 41
47 39 
48 30
49 35
50 44
51 41
52 42
53 44
54 40
55 45
56 44
57 46
58 48
59 60
60 70
61 75
62 80
63 81
64 79
65 82
66 84
67 85
68 88
69 89
70 90
71 90
72 90
73 85
74 95
75 60
76 70
77 66
78 44
79 43
80 50
81 45
82 19
83 60
84 68
85 65
86 72
78 70
88 50
89 60
90 44












  


