1  0.3326
2  0.00747
3  70.5
4  0.0076
5  767
6  0.0035
7  1.9
8  0.00019
9  0.0096
10  0.039
11  0.53
12  0.063
13  0.231
14  0.171
15  0.172
16  0.53
17  33.5
18  0.675
19  2.1
20  0.43
21  27.5
22  6.09
23  5.08
24  3.05
25  13.3
26  2.56
27  37.18
28  4.49
29  3.78
30  1.11
31  2.75
32  2.2
33  4.5
34  11.7
35  6.9
36  25
37  0.38
38  1.28
39  1.28
40  0.185
41  1.15
42  2.48
43  20
44  2.56
45  144.8
46  6.9
47  63.3
48  2520
49  193.8
50  0.626
51  4.91
52  4.7
53  6.15
54  23.9
55  29
56  1.1
57  8.97
58  0.63
59  11.5
60  50.5
61  168.4
62  5922
63  4530
64  49700
65  23.4
66  994
67  64.7
68  159
69  100
70  34.8
71  74
72  104.1
73  20.6
74  18.3
75  89.7
76  16
77  425
78  10.3
79  98.65
80  372.3
81  3.43
82  0.171
83  0.0338
88  12.8
90  7.37
91  200.6
92  7.57
93  175.9
95  75.3
