3  1
4  2
5  3
6  4
7  5
8  6
11  1
12  2
13  3
14  4
15  5
16  6
19  1
20  2
21  3
22  4
23  5
24  6
25  7
26  8
27  9
28  10
29  11
30  12
31  3
32  4
33  5
34  6
37  1
38  2
39  3
40  4
41  5
42  6
44  8
45  9
46  10
47  11
48  12
49  3
50  4
51  5
52  6
55  1
56  2
57  3
58  3
59  3
60  3
62  3
63  3
64  3
65  3
66  3
67  3
68  3
69  3
70  3
71  3
72  4
73  5
74  6
75  7
76  8
77  9
78  10
79  11
80  2
81  3
82  4
83  5

